,TOTAL_REVENUE,FEDERAL_REVENUE,STATE_REVENUE,LOCAL_REVENUE,TOTAL_EXPENDITURE,INSTRUCTION_EXPENDITURE,SUPPORT_SERVICES_EXPENDITURE,OTHER_EXPENDITURE,CAPITAL_OUTLAY_EXPENDITURE,STATE
1122,9.941164548204858,1.0729771470960612,5.4474402126253745,3.4207471884834226,10.252576407177052,5.16740059534024,3.230092381779832,0.7940238973842052,0.7849600246459509,Alabama
1123,20.404990079593073,2.371130466757061,13.975693087889443,4.058166524946568,20.890737633963795,10.31459563808517,7.529113904656846,0.6612123579926306,2.0615065229548257,Alaska
1124,8.858332706525966,1.1684889987361444,3.371289609370117,4.318554098419704,8.591103007933793,4.13434900846137,3.027853553785899,0.488714818891515,0.7185098158033851,Arizona
1125,10.821887092841767,1.1518230561326663,8.349755460207843,1.3203085765012577,10.924941808490022,5.438571229117219,3.6549248667898917,0.5878082274563903,0.8842067095800834,Arkansas
1126,11.629363734871724,1.1912347371794718,6.170682371879059,4.267446625813194,11.648269751802701,5.709433489405488,3.469183259875801,0.575416908646783,0.9838414313334731,California
1127,10.589548918150182,0.7873388725091912,4.578799187731369,5.223410857909622,10.733117514282313,5.166906872268793,3.4707078225352537,0.431815318683681,1.0780658575571147,Colorado
1128,21.02190842174054,0.8229462199803554,8.103572420863971,12.095389780896216,19.96059340771148,11.523358286928516,6.1212349485992466,0.6723285108847504,0.8751824560442356,Connecticut
1129,16.202332888420948,1.103064921283669,9.432396806579176,5.666871160558102,16.485537584042845,8.710171360354162,4.828664516717375,0.8587334090513418,1.4227634862339686,Delaware
1130,29.865604556984557,3.002959369854479,0.0,26.862645187130077,29.221863735481286,11.199968848738374,8.365582306083397,0.7656312580659517,8.890681322593565,District of Columbia
1131,9.629708325855551,1.1491882266835352,3.8629405521816294,4.617579546990386,9.794476558905355,5.370107776081583,2.93526898969063,0.6605633189095215,0.5421015781998817,Florida
1132,10.488334113118936,1.0618102207823161,4.612408301626957,4.8141155907096636,10.398133222692055,5.670742738430483,3.058998284471673,0.5692982223830837,0.9664038936313586,Georgia
1133,14.434716981132075,1.536132744547036,12.603243677238057,0.29534055934698245,13.403687943262412,7.420682456844641,4.275000669075338,0.7809340291716848,0.9270707881707481,Hawaii
1134,7.407906143854015,0.8264037917655586,4.688479740772849,1.8930226113156061,7.151670622344129,3.9394568167929167,2.310855847533505,0.3878991799667439,0.32447095774767987,Idaho
1135,15.085479115145256,1.11704904126501,5.4174942444842165,8.55093582939603,15.083173026527783,7.921616766118356,4.859169905155311,0.47364061122995277,0.9705609735265686,Illinois
1136,12.311730169463253,0.9272877836923269,7.5782731171328965,3.8061692686380284,11.057305924511553,5.474160503057726,3.6154334980603124,0.5224575795758405,0.8836316589565703,Indiana
1137,12.866488760630018,0.9079704960309947,6.471411801986196,5.487106462612827,13.037137054744969,6.510432216006362,3.694642689875499,0.5178400958221312,1.5970029675364663,Iowa
1138,11.720940500046368,0.8455367978807904,6.582234282327421,4.293169419838156,12.011180685194967,6.114532471564449,3.341402000669309,0.49756871504775885,1.6391880395295484,Kansas
1139,10.527042512329114,1.2023226929959565,5.775969038525661,3.548750780807497,10.696471550942139,5.329026819008458,3.4152337908731796,0.661144834876505,0.9038365495079275,Kentucky
1140,12.552131593935451,1.9115203301269383,5.192518946082372,5.4480923177261396,12.233464724896722,6.050186267452712,4.104061817651753,0.6153964062929697,1.0619544031702284,Louisiana
1141,14.972094298552395,1.0237928699729728,5.776317924670834,8.171983503908589,14.270697054988837,7.665098008494256,4.962503287467335,0.6118774096436106,0.3725106178200315,Maine
1142,16.15045139113481,0.9425538943458294,7.1459513403128785,8.0619461564761,15.838930290793838,8.635052346587077,4.971187431274891,0.4239565333900075,1.3065844429454543,Maryland
1143,18.042539416310543,0.8592929505799743,7.155977135606882,10.027269330123685,17.943880776659373,10.219183364872176,5.398191097138909,0.5301838667416936,1.1175406655528495,Massachusetts
1144,13.536344921611725,1.1465780439490647,7.387982542410048,5.001784335252612,12.730432633460284,6.4967727220389975,4.206641130064326,0.6094982666352776,0.628446102881265,Michigan
1145,13.881320689055158,0.7835703099753909,9.450159089214248,3.64759128986552,14.045571602575256,7.440885928061846,3.484102264535534,1.094239230405926,1.329796912674936,Minnesota
1146,9.098119292231647,1.349855103661298,4.555244394532321,3.1930197940380283,9.063541156855617,4.62830789101196,3.089468158344181,0.5831392243628928,0.642730509056275,Mississippi
1147,11.485674003798467,1.0030806546979145,4.778395551135956,5.7041977979645955,11.561412644234215,5.871460214649179,3.565422758546549,0.6467919085501326,1.0296643195011825,Missouri
1148,12.009053417942985,1.3991696405015484,5.712456781037811,4.8974269964036266,12.17992973881167,6.589555243900746,3.962814335504117,0.5359359595651026,0.8453073579849202,Montana
1149,13.029007996148316,1.0350717961730396,4.173781221738593,7.820154978236683,13.040530517439931,7.713612320184256,3.4459397914104843,0.5721800402084594,1.0013988379885361,Nebraska
1150,9.645692058793157,0.8756921735339002,6.08551398115957,2.6844859040996867,9.279818250662627,4.82932773398506,3.2447856069211616,0.39184881759664036,0.3702775578580198,Nevada
1151,16.46231998528505,0.8763457148112482,5.431521374549625,10.154452895924175,16.01665710916114,9.099580191077978,4.941156422102724,0.40980059076203973,0.4739242396373197,New Hampshire
1152,21.308681619051185,0.8558640056913918,8.272756206238064,12.180061407121729,20.77522971505598,11.200513722993971,6.893470625678661,0.9536061706668664,0.6708787958213203,New Jersey
1153,11.02565539115287,1.4276398570890623,7.670570082385033,1.927445451678775,10.94859431111601,5.2339416538848935,3.331921980669673,0.4506041875231526,1.7215532839206826,New Mexico
1154,23.417260715791016,1.2779665041812507,9.479917627224248,12.659376584385518,23.882681024635477,15.33567593322216,5.87229470945042,0.5787523593981931,1.5501414111797296,New York
1155,9.340112433059454,1.0612137858499187,5.445672270744025,2.8332263764655115,9.394193525559684,5.254157962690207,2.7857063073100914,0.5184817998724843,0.4225175542236631,North Carolina
1156,15.192859632814315,1.5095476024479046,8.724843132698117,4.958468897668293,15.466050817259276,7.3463184599891544,4.086344798202804,0.9739910140212255,2.3238825625532575,North Dakota
1157,14.546705536955704,1.0569461389664865,5.926987086389197,7.562772311600021,13.64138724223666,7.086973000176077,4.440603759070809,0.5612281979013041,0.9654001146377983,Ohio
1158,9.005544205149022,1.0299267687357572,4.453063788953078,3.522553647460187,8.99409016086403,4.228892845363687,3.0347009039367587,0.6044138737950868,1.0264435453662235,Oklahoma
1159,11.687411965305063,0.9204378170572848,5.989266386367728,4.77770776188005,11.391354154531559,6.067494148671404,3.797016263692815,0.42887679202454204,0.5490840861513261,Oregon
1160,18.10765206579239,1.1291459746887171,6.399080042758576,10.579426048345098,17.828924581945216,9.563991473202384,4.914410586983552,0.7245279986444834,0.9761445269770235,Pennsylvania
1161,17.122753249829735,1.3809999703887952,6.422018891948714,9.319734387492227,16.716087767611263,9.456671404459447,5.794712919368689,0.686313701104498,0.2805439578336443,Rhode Island
1162,11.540800070196028,1.1139999945159353,5.350970542346577,5.075829533333516,11.588847331865432,5.533303353779755,3.7667668422481375,0.5903280293287779,1.1828442004645003,South Carolina
1163,10.298646031855373,1.4252715207457922,3.1652086060021585,5.708165905107422,10.374342724621707,5.328886439653127,3.162988986092933,0.5216412941149456,1.117731701530007,South Dakota
1164,9.306810614326459,1.1035621202458636,4.348202618823816,3.8550458752567796,9.503369491518594,5.336148211283087,2.826542465466364,0.5402480195610846,0.5532071373376333,Tennessee
1165,10.663134368555495,1.140158267482835,4.144043532750685,5.378932568321976,10.72776918089597,5.124733380489907,2.991011358996288,0.541975310886885,1.165144382154934,Texas
1166,7.723968002692739,0.6753058695038594,4.142636254148237,2.9060258790406417,7.688848451061756,4.096281180807927,1.998462544462618,0.530823616859769,0.8606087061706839,Utah
1167,21.537038299806795,1.164155017615638,16.99571542220707,3.3771678599840893,21.322843504943744,10.85913171951358,6.285168769178315,0.6786453006023412,0.6453006023411751,Vermont
1168,12.05445287544641,0.7930021025580206,4.708486653037085,6.552964119851305,12.323522181319515,6.6485028797269266,3.8993733167558244,0.486476318536362,0.8181149864397967,Virginia
1169,12.327973015004165,0.9739632227330438,7.405203195770738,3.9488065965003836,12.106850902792944,5.92548306678276,3.8155142927641377,0.5195708341959948,1.442478679262942,Washington
1170,12.541305550104365,1.2558007599950047,7.257231548712825,4.028273241396535,12.487727686296898,6.506930940360016,4.095324068292509,0.7950475442884413,1.0208160134158744,West Virginia
1171,13.09675663116866,0.9600621417400381,6.599761420105211,5.536933069323411,13.009985909452919,6.572454194162884,4.180661851144178,0.5761415481569587,0.8866687704234909,Wisconsin
1172,19.11565586852435,1.2154272527282923,10.408629167924772,7.491599447871285,19.15195401803045,9.338006297718156,5.9931954449381015,0.5468985894836734,3.105475995341414,Wyoming
